pos\000001.jpg 1 0 0 35 35
pos\000002.jpg 1 0 0 35 35
pos\000003.jpg 1 0 0 35 35
pos\000004.jpg 1 0 0 35 35
pos\000005.jpg 1 0 0 35 35
pos\000006.jpg 1 0 0 35 35
pos\000007.jpg 1 0 0 35 35
pos\000008.jpg 1 0 0 35 35
pos\000009.jpg 1 0 0 35 35
pos\000010.jpg 1 0 0 35 35
pos\000011.jpg 1 0 0 35 35
pos\000012.jpg 1 0 0 35 35
pos\000013.jpg 1 0 0 35 35
pos\000014.jpg 1 0 0 35 35
pos\000015.jpg 1 0 0 35 35
pos\000016.jpg 1 0 0 35 35
pos\000017.jpg 1 0 0 35 35
pos\000018.jpg 1 0 0 35 35
pos\000019.jpg 1 0 0 35 35
pos\000020.jpg 1 0 0 35 35
pos\000021.jpg 1 0 0 35 35
pos\000022.jpg 1 0 0 35 35
pos\000023.jpg 1 0 0 35 35
pos\000024.jpg 1 0 0 35 35
pos\000025.jpg 1 0 0 35 35
pos\000026.jpg 1 0 0 35 35
pos\000027.jpg 1 0 0 35 35
pos\000028.jpg 1 0 0 35 35
pos\000029.jpg 1 0 0 35 35
pos\000030.jpg 1 0 0 35 35
pos\000031.jpg 1 0 0 35 35
pos\000032.jpg 1 0 0 35 35
pos\000033.jpg 1 0 0 35 35
pos\000034.jpg 1 0 0 35 35
pos\000035.jpg 1 0 0 35 35
pos\000036.jpg 1 0 0 35 35
pos\000037.jpg 1 0 0 35 35
pos\000038.jpg 1 0 0 35 35
pos\000039.jpg 1 0 0 35 35
pos\000040.jpg 1 0 0 35 35
pos\000041.jpg 1 0 0 35 35
pos\000042.jpg 1 0 0 35 35
pos\000043.jpg 1 0 0 35 35
pos\000044.jpg 1 0 0 35 35
pos\000045.jpg 1 0 0 35 35
pos\000046.jpg 1 0 0 35 35
pos\000047.jpg 1 0 0 35 35
pos\000048.jpg 1 0 0 35 35
pos\000049.jpg 1 0 0 35 35
pos\000050.jpg 1 0 0 35 35
pos\000051.jpg 1 0 0 35 35
pos\000052.jpg 1 0 0 35 35
pos\000053.jpg 1 0 0 35 35
pos\000054.jpg 1 0 0 35 35
pos\000055.jpg 1 0 0 35 35
pos\000056.jpg 1 0 0 35 35
pos\000057.jpg 1 0 0 35 35
pos\000058.jpg 1 0 0 35 35
pos\000059.jpg 1 0 0 35 35
pos\000060.jpg 1 0 0 35 35
pos\000061.jpg 1 0 0 35 35
pos\000062.jpg 1 0 0 35 35
pos\000063.jpg 1 0 0 35 35
pos\000064.jpg 1 0 0 35 35
pos\000065.jpg 1 0 0 35 35
pos\000066.jpg 1 0 0 35 35
pos\000067.jpg 1 0 0 35 35
pos\000068.jpg 1 0 0 35 35
pos\000069.jpg 1 0 0 35 35
pos\000070.jpg 1 0 0 35 35
pos\000071.jpg 1 0 0 35 35
pos\000072.jpg 1 0 0 35 35
pos\000073.jpg 1 0 0 35 35
pos\000074.jpg 1 0 0 35 35
pos\000075.jpg 1 0 0 35 35
pos\000076.jpg 1 0 0 35 35
pos\000077.jpg 1 0 0 35 35
pos\000078.jpg 1 0 0 35 35
pos\000079.jpg 1 0 0 35 35
pos\000080.jpg 1 0 0 35 35
pos\000081.jpg 1 0 0 35 35
pos\000082.jpg 1 0 0 35 35
pos\000083.jpg 1 0 0 35 35
pos\000084.jpg 1 0 0 35 35
pos\000085.jpg 1 0 0 35 35
pos\000086.jpg 1 0 0 35 35
pos\000087.jpg 1 0 0 35 35
pos\000088.jpg 1 0 0 35 35
pos\000089.jpg 1 0 0 35 35
pos\000090.jpg 1 0 0 35 35
pos\000091.jpg 1 0 0 35 35
pos\000092.jpg 1 0 0 35 35
pos\000093.jpg 1 0 0 35 35
pos\000094.jpg 1 0 0 35 35
pos\000095.jpg 1 0 0 35 35
pos\000096.jpg 1 0 0 35 35
pos\000097.jpg 1 0 0 35 35
pos\000098.jpg 1 0 0 35 35
pos\000099.jpg 1 0 0 35 35
pos\000100.jpg 1 0 0 35 35
pos\000101.jpg 1 0 0 35 35
pos\000102.jpg 1 0 0 35 35
pos\000103.jpg 1 0 0 35 35
pos\000104.jpg 1 0 0 35 35
pos\000105.jpg 1 0 0 35 35
pos\000106.jpg 1 0 0 35 35
pos\000107.jpg 1 0 0 35 35
pos\000108.jpg 1 0 0 35 35
pos\000109.jpg 1 0 0 35 35
pos\000110.jpg 1 0 0 35 35
pos\0001100.jpg 1 0 0 35 35
pos\0001101.jpg 1 0 0 35 35
pos\0001102.jpg 1 0 0 35 35
pos\0001103.jpg 1 0 0 35 35
pos\0001104.jpg 1 0 0 35 35
pos\0001105.jpg 1 0 0 35 35
pos\0001106.jpg 1 0 0 35 35
pos\0001107.jpg 1 0 0 35 35
pos\0001108.jpg 1 0 0 35 35
pos\0001109.jpg 1 0 0 35 35
pos\000111.jpg 1 0 0 35 35
pos\0001110.jpg 1 0 0 35 35
pos\0001111.jpg 1 0 0 35 35
pos\0001112.jpg 1 0 0 35 35
pos\0001113.jpg 1 0 0 35 35
pos\0001114.jpg 1 0 0 35 35
pos\0001115.jpg 1 0 0 35 35
pos\0001116.jpg 1 0 0 35 35
pos\0001117.jpg 1 0 0 35 35
pos\0001118.jpg 1 0 0 35 35
pos\0001119.jpg 1 0 0 35 35
pos\000112.jpg 1 0 0 35 35
pos\0001120.jpg 1 0 0 35 35
pos\0001121.jpg 1 0 0 35 35
pos\0001122.jpg 1 0 0 35 35
pos\0001123.jpg 1 0 0 35 35
pos\0001124.jpg 1 0 0 35 35
pos\0001125.jpg 1 0 0 35 35
pos\0001126.jpg 1 0 0 35 35
pos\0001127.jpg 1 0 0 35 35
pos\0001128.jpg 1 0 0 35 35
pos\0001129.jpg 1 0 0 35 35
pos\000113.jpg 1 0 0 35 35
pos\0001130.jpg 1 0 0 35 35
pos\0001131.jpg 1 0 0 35 35
pos\0001132.jpg 1 0 0 35 35
pos\0001133.jpg 1 0 0 35 35
pos\0001134.jpg 1 0 0 35 35
pos\0001135.jpg 1 0 0 35 35
pos\0001136.jpg 1 0 0 35 35
pos\0001137.jpg 1 0 0 35 35
pos\0001138.jpg 1 0 0 35 35
pos\0001139.jpg 1 0 0 35 35
pos\000114.jpg 1 0 0 35 35
pos\0001140.jpg 1 0 0 35 35
pos\0001141.jpg 1 0 0 35 35
pos\0001142.jpg 1 0 0 35 35
pos\0001143.jpg 1 0 0 35 35
pos\0001144.jpg 1 0 0 35 35
pos\0001145.jpg 1 0 0 35 35
pos\0001146.jpg 1 0 0 35 35
pos\0001147.jpg 1 0 0 35 35
pos\0001148.jpg 1 0 0 35 35
pos\0001149.jpg 1 0 0 35 35
pos\000115.jpg 1 0 0 35 35
pos\0001150.jpg 1 0 0 35 35
pos\0001151.jpg 1 0 0 35 35
pos\0001152.jpg 1 0 0 35 35
pos\0001153.jpg 1 0 0 35 35
pos\0001154.jpg 1 0 0 35 35
pos\0001155.jpg 1 0 0 35 35
pos\0001156.jpg 1 0 0 35 35
pos\0001157.jpg 1 0 0 35 35
pos\0001158.jpg 1 0 0 35 35
pos\0001159.jpg 1 0 0 35 35
pos\000116.jpg 1 0 0 35 35
pos\0001160.jpg 1 0 0 35 35
pos\0001161.jpg 1 0 0 35 35
pos\0001162.jpg 1 0 0 35 35
pos\0001163.jpg 1 0 0 35 35
pos\0001164.jpg 1 0 0 35 35
pos\0001165.jpg 1 0 0 35 35
pos\0001166.jpg 1 0 0 35 35
pos\0001167.jpg 1 0 0 35 35
pos\0001168.jpg 1 0 0 35 35
pos\0001169.jpg 1 0 0 35 35
pos\000117.jpg 1 0 0 35 35
pos\0001170.jpg 1 0 0 35 35
pos\0001171.jpg 1 0 0 35 35
pos\0001172.jpg 1 0 0 35 35
pos\0001173.jpg 1 0 0 35 35
pos\0001174.jpg 1 0 0 35 35
pos\0001175.jpg 1 0 0 35 35
pos\0001176.jpg 1 0 0 35 35
pos\0001177.jpg 1 0 0 35 35
pos\0001178.jpg 1 0 0 35 35
pos\0001179.jpg 1 0 0 35 35
pos\000118.jpg 1 0 0 35 35
pos\0001180.jpg 1 0 0 35 35
pos\0001181.jpg 1 0 0 35 35
pos\0001182.jpg 1 0 0 35 35
pos\0001183.jpg 1 0 0 35 35
pos\0001184.jpg 1 0 0 35 35
pos\0001185.jpg 1 0 0 35 35
pos\0001186.jpg 1 0 0 35 35
pos\0001187.jpg 1 0 0 35 35
pos\0001188.jpg 1 0 0 35 35
pos\0001189.jpg 1 0 0 35 35
pos\000119.jpg 1 0 0 35 35
pos\0001190.jpg 1 0 0 35 35
pos\0001191.jpg 1 0 0 35 35
pos\0001192.jpg 1 0 0 35 35
pos\0001193.jpg 1 0 0 35 35
pos\0001194.jpg 1 0 0 35 35
pos\0001195.jpg 1 0 0 35 35
pos\0001196.jpg 1 0 0 35 35
pos\0001197.jpg 1 0 0 35 35
pos\0001198.jpg 1 0 0 35 35
pos\0001199.jpg 1 0 0 35 35
pos\000120.jpg 1 0 0 35 35
pos\0001200.jpg 1 0 0 35 35
pos\0001201.jpg 1 0 0 35 35
pos\0001202.jpg 1 0 0 35 35
pos\0001203.jpg 1 0 0 35 35
pos\0001204.jpg 1 0 0 35 35
pos\0001205.jpg 1 0 0 35 35
pos\0001206.jpg 1 0 0 35 35
pos\0001207.jpg 1 0 0 35 35
pos\000228.jpg 1 0 0 35 35
pos\000229.jpg 1 0 0 35 35
pos\000230.jpg 1 0 0 35 35
pos\000231.jpg 1 0 0 35 35
pos\000232.jpg 1 0 0 35 35
pos\000233.jpg 1 0 0 35 35
pos\000234.jpg 1 0 0 35 35
pos\000235.jpg 1 0 0 35 35
pos\000236.jpg 1 0 0 35 35
pos\000237.jpg 1 0 0 35 35
pos\000238.jpg 1 0 0 35 35
pos\000239.jpg 1 0 0 35 35
pos\000240.jpg 1 0 0 35 35
pos\000241.jpg 1 0 0 35 35
pos\000242.jpg 1 0 0 35 35
pos\000243.jpg 1 0 0 35 35
pos\000244.jpg 1 0 0 35 35
pos\000245.jpg 1 0 0 35 35
pos\000246.jpg 1 0 0 35 35
pos\000247.jpg 1 0 0 35 35
pos\000248.jpg 1 0 0 35 35
pos\000249.jpg 1 0 0 35 35
pos\000250.jpg 1 0 0 35 35
pos\000251.jpg 1 0 0 35 35
pos\000252.jpg 1 0 0 35 35
pos\000253.jpg 1 0 0 35 35
pos\000254.jpg 1 0 0 35 35
pos\000255.jpg 1 0 0 35 35
pos\000256.jpg 1 0 0 35 35
pos\000257.jpg 1 0 0 35 35
pos\000258.jpg 1 0 0 35 35
pos\000259.jpg 1 0 0 35 35
pos\000260.jpg 1 0 0 35 35
pos\000261.jpg 1 0 0 35 35
pos\000262.jpg 1 0 0 35 35
pos\000263.jpg 1 0 0 35 35
pos\000264.jpg 1 0 0 35 35
pos\000265.jpg 1 0 0 35 35
pos\000266.jpg 1 0 0 35 35
pos\000267.jpg 1 0 0 35 35
pos\000268.jpg 1 0 0 35 35
pos\000269.jpg 1 0 0 35 35
pos\000270.jpg 1 0 0 35 35
pos\000271.jpg 1 0 0 35 35
pos\000272.jpg 1 0 0 35 35
pos\000273.jpg 1 0 0 35 35
pos\000274.jpg 1 0 0 35 35
pos\000275.jpg 1 0 0 35 35
pos\000276.jpg 1 0 0 35 35
pos\000277.jpg 1 0 0 35 35
pos\000278.jpg 1 0 0 35 35
pos\000279.jpg 1 0 0 35 35
pos\000280.jpg 1 0 0 35 35
pos\000281.jpg 1 0 0 35 35
pos\000282.jpg 1 0 0 35 35
pos\000283.jpg 1 0 0 35 35
pos\000284.jpg 1 0 0 35 35
pos\000285.jpg 1 0 0 35 35
pos\000286.jpg 1 0 0 35 35
pos\000287.jpg 1 0 0 35 35
pos\000288.jpg 1 0 0 35 35
pos\000289.jpg 1 0 0 35 35
pos\000290.jpg 1 0 0 35 35
pos\000291.jpg 1 0 0 35 35
pos\000292.jpg 1 0 0 35 35
pos\000293.jpg 1 0 0 35 35
pos\000294.jpg 1 0 0 35 35
pos\000295.jpg 1 0 0 35 35
pos\000296.jpg 1 0 0 35 35
pos\000297.jpg 1 0 0 35 35
pos\000298.jpg 1 0 0 35 35
pos\000299.jpg 1 0 0 35 35
pos\000300.jpg 1 0 0 35 35
pos\000301.jpg 1 0 0 35 35
pos\000302.jpg 1 0 0 35 35
pos\000303.jpg 1 0 0 35 35
pos\000304.jpg 1 0 0 35 35
pos\000305.jpg 1 0 0 35 35
pos\000306.jpg 1 0 0 35 35
pos\000307.jpg 1 0 0 35 35
pos\000308.jpg 1 0 0 35 35
pos\000309.jpg 1 0 0 35 35
pos\000310.jpg 1 0 0 35 35
pos\000311.jpg 1 0 0 35 35
pos\000312.jpg 1 0 0 35 35
pos\000313.jpg 1 0 0 35 35
pos\000314.jpg 1 0 0 35 35
pos\000315.jpg 1 0 0 35 35
pos\000316.jpg 1 0 0 35 35
pos\000317.jpg 1 0 0 35 35
pos\000318.jpg 1 0 0 35 35
pos\000319.jpg 1 0 0 35 35
pos\000320.jpg 1 0 0 35 35
pos\000321.jpg 1 0 0 35 35
pos\000322.jpg 1 0 0 35 35
pos\000323.jpg 1 0 0 35 35
pos\000324.jpg 1 0 0 35 35
pos\000325.jpg 1 0 0 35 35
pos\000326.jpg 1 0 0 35 35
pos\000327.jpg 1 0 0 35 35
pos\000328.jpg 1 0 0 35 35
pos\000329.jpg 1 0 0 35 35
pos\000330.jpg 1 0 0 35 35
pos\000331.jpg 1 0 0 35 35
pos\000332.jpg 1 0 0 35 35
pos\000333.jpg 1 0 0 35 35
pos\000334.jpg 1 0 0 35 35
pos\000335.jpg 1 0 0 35 35
pos\000336.jpg 1 0 0 35 35
pos\000337.jpg 1 0 0 35 35
pos\000338.jpg 1 0 0 35 35
pos\000339.jpg 1 0 0 35 35
pos\000340.jpg 1 0 0 35 35
pos\000341.jpg 1 0 0 35 35
pos\000342.jpg 1 0 0 35 35
pos\000343.jpg 1 0 0 35 35
pos\000344.jpg 1 0 0 35 35
pos\000345.jpg 1 0 0 35 35
pos\000346.jpg 1 0 0 35 35
pos\000347.jpg 1 0 0 35 35
pos\000348.jpg 1 0 0 35 35
pos\000349.jpg 1 0 0 35 35
pos\000350.jpg 1 0 0 35 35
pos\000351.jpg 1 0 0 35 35
pos\000352.jpg 1 0 0 35 35
pos\000353.jpg 1 0 0 35 35
pos\000354.jpg 1 0 0 35 35
pos\000355.jpg 1 0 0 35 35
pos\000356.jpg 1 0 0 35 35
pos\000357.jpg 1 0 0 35 35
pos\000358.jpg 1 0 0 35 35
pos\000359.jpg 1 0 0 35 35
pos\000360.jpg 1 0 0 35 35
pos\000361.jpg 1 0 0 35 35
pos\000362.jpg 1 0 0 35 35
pos\000363.jpg 1 0 0 35 35
pos\000364.jpg 1 0 0 35 35
pos\000365.jpg 1 0 0 35 35
pos\000366.jpg 1 0 0 35 35
pos\000367.jpg 1 0 0 35 35
pos\000368.jpg 1 0 0 35 35
pos\000369.jpg 1 0 0 35 35
pos\000370.jpg 1 0 0 35 35
pos\000371.jpg 1 0 0 35 35
pos\000372.jpg 1 0 0 35 35
pos\000373.jpg 1 0 0 35 35
pos\000374.jpg 1 0 0 35 35
pos\000375.jpg 1 0 0 35 35
pos\000376.jpg 1 0 0 35 35
pos\000377.jpg 1 0 0 35 35
pos\000378.jpg 1 0 0 35 35
pos\000379.jpg 1 0 0 35 35
pos\000380.jpg 1 0 0 35 35
pos\000381.jpg 1 0 0 35 35
pos\000382.jpg 1 0 0 35 35
pos\000383.jpg 1 0 0 35 35
pos\000384.jpg 1 0 0 35 35
pos\000385.jpg 1 0 0 35 35
pos\000386.jpg 1 0 0 35 35
pos\000387.jpg 1 0 0 35 35
pos\000388.jpg 1 0 0 35 35
pos\000389.jpg 1 0 0 35 35
pos\000390.jpg 1 0 0 35 35
pos\000391.jpg 1 0 0 35 35
pos\000392.jpg 1 0 0 35 35
pos\000393.jpg 1 0 0 35 35
pos\000394.jpg 1 0 0 35 35
pos\000395.jpg 1 0 0 35 35
pos\000396.jpg 1 0 0 35 35
pos\000397.jpg 1 0 0 35 35
pos\000398.jpg 1 0 0 35 35
pos\000399.jpg 1 0 0 35 35
pos\000400.jpg 1 0 0 35 35
pos\000401.jpg 1 0 0 35 35
pos\000402.jpg 1 0 0 35 35
pos\000403.jpg 1 0 0 35 35
pos\000404.jpg 1 0 0 35 35
pos\000405.jpg 1 0 0 35 35
pos\000406.jpg 1 0 0 35 35
pos\000407.jpg 1 0 0 35 35
pos\000408.jpg 1 0 0 35 35
pos\000409.jpg 1 0 0 35 35
pos\000410.jpg 1 0 0 35 35
pos\000411.jpg 1 0 0 35 35
pos\000412.jpg 1 0 0 35 35
pos\000413.jpg 1 0 0 35 35
pos\000414.jpg 1 0 0 35 35
pos\000415.jpg 1 0 0 35 35
pos\000416.jpg 1 0 0 35 35
pos\000417.jpg 1 0 0 35 35
pos\000418.jpg 1 0 0 35 35
pos\000419.jpg 1 0 0 35 35
pos\000420.jpg 1 0 0 35 35
pos\000421.jpg 1 0 0 35 35
pos\000422.jpg 1 0 0 35 35
pos\000423.jpg 1 0 0 35 35
pos\000424.jpg 1 0 0 35 35
pos\000425.jpg 1 0 0 35 35
pos\000426.jpg 1 0 0 35 35
pos\000427.jpg 1 0 0 35 35
pos\000428.jpg 1 0 0 35 35
pos\000429.jpg 1 0 0 35 35
pos\000430.jpg 1 0 0 35 35
pos\000431.jpg 1 0 0 35 35
pos\000432.jpg 1 0 0 35 35
pos\000433.jpg 1 0 0 35 35
pos\000434.jpg 1 0 0 35 35
pos\000435.jpg 1 0 0 35 35
pos\000436.jpg 1 0 0 35 35
pos\000437.jpg 1 0 0 35 35
pos\000438.jpg 1 0 0 35 35
pos\000439.jpg 1 0 0 35 35
pos\000440.jpg 1 0 0 35 35
pos\000441.jpg 1 0 0 35 35
pos\000442.jpg 1 0 0 35 35
pos\000443.jpg 1 0 0 35 35
pos\000444.jpg 1 0 0 35 35
pos\000445.jpg 1 0 0 35 35
pos\000446.jpg 1 0 0 35 35
pos\000447.jpg 1 0 0 35 35
pos\000448.jpg 1 0 0 35 35
pos\000449.jpg 1 0 0 35 35
pos\000450.jpg 1 0 0 35 35
pos\000451.jpg 1 0 0 35 35
pos\000452.jpg 1 0 0 35 35
pos\000453.jpg 1 0 0 35 35
pos\000454.jpg 1 0 0 35 35
pos\000455.jpg 1 0 0 35 35
pos\000456.jpg 1 0 0 35 35
pos\000457.jpg 1 0 0 35 35
pos\000458.jpg 1 0 0 35 35
pos\000459.jpg 1 0 0 35 35
pos\000460.jpg 1 0 0 35 35
pos\000461.jpg 1 0 0 35 35
pos\000462.jpg 1 0 0 35 35
pos\000463.jpg 1 0 0 35 35
pos\000464.jpg 1 0 0 35 35
pos\000465.jpg 1 0 0 35 35
pos\000466.jpg 1 0 0 35 35
pos\000467.jpg 1 0 0 35 35
pos\000468.jpg 1 0 0 35 35
pos\000469.jpg 1 0 0 35 35
pos\000470.jpg 1 0 0 35 35
pos\000471.jpg 1 0 0 35 35
pos\000472.jpg 1 0 0 35 35
pos\000473.jpg 1 0 0 35 35
pos\000474.jpg 1 0 0 35 35
pos\000475.jpg 1 0 0 35 35
pos\000476.jpg 1 0 0 35 35
pos\000477.jpg 1 0 0 35 35
pos\000478.jpg 1 0 0 35 35
pos\000479.jpg 1 0 0 35 35
pos\000480.jpg 1 0 0 35 35
pos\000481.jpg 1 0 0 35 35
pos\000482.jpg 1 0 0 35 35
pos\000483.jpg 1 0 0 35 35
pos\000484.jpg 1 0 0 35 35
pos\000485.jpg 1 0 0 35 35
pos\000486.jpg 1 0 0 35 35
pos\000487.jpg 1 0 0 35 35
pos\000488.jpg 1 0 0 35 35
pos\000489.jpg 1 0 0 35 35
pos\000490.jpg 1 0 0 35 35
pos\000491.jpg 1 0 0 35 35
pos\000492.jpg 1 0 0 35 35
pos\000493.jpg 1 0 0 35 35
pos\000494.jpg 1 0 0 35 35
pos\000495.jpg 1 0 0 35 35
pos\000496.jpg 1 0 0 35 35
pos\000497.jpg 1 0 0 35 35
pos\000498.jpg 1 0 0 35 35
pos\000499.jpg 1 0 0 35 35
pos\000500.jpg 1 0 0 35 35
pos\000501.jpg 1 0 0 35 35
pos\000502.jpg 1 0 0 35 35
pos\000503.jpg 1 0 0 35 35
pos\000504.jpg 1 0 0 35 35
pos\000505.jpg 1 0 0 35 35
pos\000506.jpg 1 0 0 35 35
pos\000507.jpg 1 0 0 35 35
pos\000508.jpg 1 0 0 35 35
pos\000509.jpg 1 0 0 35 35
pos\000510.jpg 1 0 0 35 35
pos\000511.jpg 1 0 0 35 35
pos\000512.jpg 1 0 0 35 35
pos\000513.jpg 1 0 0 35 35
pos\000514.jpg 1 0 0 35 35
pos\000515.jpg 1 0 0 35 35
pos\000516.jpg 1 0 0 35 35
pos\000517.jpg 1 0 0 35 35
pos\000518.jpg 1 0 0 35 35
pos\000519.jpg 1 0 0 35 35
pos\000520.jpg 1 0 0 35 35
pos\000521.jpg 1 0 0 35 35
pos\000522.jpg 1 0 0 35 35
pos\000523.jpg 1 0 0 35 35
pos\000524.jpg 1 0 0 35 35
pos\000525.jpg 1 0 0 35 35
pos\000526.jpg 1 0 0 35 35
pos\000527.jpg 1 0 0 35 35
pos\000528.jpg 1 0 0 35 35
pos\000529.jpg 1 0 0 35 35
pos\000530.jpg 1 0 0 35 35
pos\000531.jpg 1 0 0 35 35
pos\000532.jpg 1 0 0 35 35
pos\000533.jpg 1 0 0 35 35
pos\000534.jpg 1 0 0 35 35
pos\000535.jpg 1 0 0 35 35
pos\000536.jpg 1 0 0 35 35
pos\000537.jpg 1 0 0 35 35
pos\000538.jpg 1 0 0 35 35
pos\000539.jpg 1 0 0 35 35
pos\000540.jpg 1 0 0 35 35
pos\000541.jpg 1 0 0 35 35
pos\000542.jpg 1 0 0 35 35
pos\000543.jpg 1 0 0 35 35
pos\000544.jpg 1 0 0 35 35
pos\000545.jpg 1 0 0 35 35
pos\000546.jpg 1 0 0 35 35
pos\000547.jpg 1 0 0 35 35
pos\000548.jpg 1 0 0 35 35
pos\000549.jpg 1 0 0 35 35
pos\000550.jpg 1 0 0 35 35
pos\000551.jpg 1 0 0 35 35
pos\000552.jpg 1 0 0 35 35
pos\000553.jpg 1 0 0 35 35
pos\000554.jpg 1 0 0 35 35
pos\000555.jpg 1 0 0 35 35
pos\000556.jpg 1 0 0 35 35
pos\000557.jpg 1 0 0 35 35
pos\000558.jpg 1 0 0 35 35
pos\000559.jpg 1 0 0 35 35
pos\000560.jpg 1 0 0 35 35
pos\000561.jpg 1 0 0 35 35
pos\000562.jpg 1 0 0 35 35
pos\000563.jpg 1 0 0 35 35
pos\000564.jpg 1 0 0 35 35
pos\000565.jpg 1 0 0 35 35
pos\000566.jpg 1 0 0 35 35
pos\000567.jpg 1 0 0 35 35
pos\000568.jpg 1 0 0 35 35
pos\000569.jpg 1 0 0 35 35
pos\000570.jpg 1 0 0 35 35
pos\000571.jpg 1 0 0 35 35
pos\000572.jpg 1 0 0 35 35
pos\000573.jpg 1 0 0 35 35
pos\000574.jpg 1 0 0 35 35
pos\000575.jpg 1 0 0 35 35
pos\000576.jpg 1 0 0 35 35
pos\000577.jpg 1 0 0 35 35
pos\000578.jpg 1 0 0 35 35
pos\000579.jpg 1 0 0 35 35
pos\000580.jpg 1 0 0 35 35
pos\000581.jpg 1 0 0 35 35
pos\000582.jpg 1 0 0 35 35
pos\000583.jpg 1 0 0 35 35